75
96
95
92
82
82
86
86
79
84
84
75
88
89
98
96
78
88
87
67
75
73
77
74
75
64
75
71
73
75
50
75
88
79
87
79
85
88
78
86
80
85
91
94
76
78
64
69
82
77
80
79
77
76
92
73
73
84
73
67
92
78
65
70
77
86
91
89
91
94
92
78
72
82
73
86
76
79
81
81
71
82
90
74
64
80
83
90
94
91
90
72
89
76
89
87
80
75
80
90
71
65
85
65
83
80
74
84
91
78
89
73
89
75
87
73
80
74
90
77
84
85
85
72
80
89
61
65
70
67
72
83
91
90
59
62
67
89
88
86
88
89
69
88
93
93
89
84
75
93
90
80
93
91
94
72
72
75
85
90
88
99
96
98
87
79
70
75
76
98
77
65
88
89
86
78
75
90
94
83
81
74
91
68
71
82
88
86
84
91
80
73
69
91
79
93
77
93
90
66
72
87
64
55
73
60
59
68
80
77
84
91
89
93
85
90
84
88
76
94
78
84
89
79
73
69
81
85
71
82
82
